29.767475125458457
30.03916482960574
30.050605871526116
30.08156220709397
30.82864788188376
30.817299802853242
29.901528988333304
30.353487901367444
29.966003590578044
28.848151732824142
28.86182010896963
28.805319426363155
28.834474809506663
28.824970690360875
28.836175445145606
28.7301964725288
28.981069925181085
29.05425795461123
29.073771010450535
28.741218543043875
29.486795776583957
29.58187200927283
30.14649161392143
29.71978247215557
30.231757014339543
30.474402011471042
29.352270723714
29.408540008274464
29.424341535007535
29.408165603484644
29.426407508868827
29.448269276577452
29.429452906691633
29.430842760734436
29.441006224749437
29.89385851184531
29.729356947394095
29.337433045264913
29.61513368601417
29.99975582644584
29.41504343511017
29.76165219389225
29.524516946743304
29.614545198405132
29.20813070714103
29.208463627077762
29.242946586938444
29.68897215322656
29.700911601072555
29.656290909345557
28.62088285034112
28.677969601100436
28.48723001647878
29.353339274324668
28.902862808521537
28.549855210001205
29.1136620531269
28.812470351156914
28.89198470587198
28.768055559863242
29.547192591456422
28.88970880504949
28.38705990551948
29.125906327327332
28.830264277252997
28.249158168680466
28.52902393859513
28.304544623469724
28.086491665517734
28.048613978166742
29.172051851831885
29.372684432825498
29.316756412685393
28.66830275541924
28.522006848184937
29.626900575537512
30.047133613475868
28.973764914125873
28.780460853133963
29.754030092194927
29.603857191544165
29.26366016994157
28.822020162242197
28.918506212648193
28.420798384696138
29.136984506859925
28.734289730457874
29.469755452922364
29.389965462993555
29.90231312336592
29.47239185466552
28.260299119007296
28.11971257823962
28.21541788112031
28.462418322950427
28.708648436510696
28.858512987174194
28.4820644793029
28.869404088533134
28.962516975046114
