0.8742024657356315
0.898910483887477
0.8960941848440268
0.8544490853969935
0.9243248866896232
0.9315977862439537
0.7607306204039422
0.8900107668423517
0.8896502752391967
0.8114940996281707
0.8298333660011779
0.880156260738472
0.8852430437861016
0.8856124415250662
0.8909526100736086
0.8675578820881994
0.9036630409104554
0.896814484485456
0.8930794976894484
0.72526694876124
0.8399881551164716
0.8284814056797765
0.8862263868193189
0.8030333277155589
0.8720583908355488
0.89077272090192
0.8917967197325919
0.907353090685036
0.906521755650143
0.9113161540056092
0.911884666869971
0.9114587964837066
0.9120369483120121
0.912437897174755
0.9132166236871454
0.8836451111689047
0.8987025143412188
0.7851731880487254
0.8431857227083119
0.912986887622609
0.8108667416782861
0.89254517424325
0.8248906246345508
0.8700517026631417
0.8286078662446095
0.8411561824214736
0.8181258430897174
0.8215963849704259
0.8250850759577993
0.825751717161085
0.5710764017991525
0.739084171321049
0.7014564956862248
0.8988638712823397
0.8345350047523682
0.5123842886223864
0.8520346303873548
0.7952252102393061
0.7542563119210203
0.8078255867636279
0.9018832140473645
0.7771145576683868
0.5308335676603219
0.880231972005878
0.8616440574563361
0.49019085890889014
0.7865242776940327
0.8373529597078864
0.8025226134789061
0.7658066755750607
0.8694231634775059
0.8826189718695509
0.8138295051133866
0.5528089588342567
0.8316082852251854
0.8742382624335012
0.8870885430922875
0.6224217591076612
0.49967164710004536
0.9087410304015782
0.8639177692454814
0.5785850069974576
0.6250636956459057
0.8523026451338698
0.5878126356632143
0.8100104335387457
0.7189716998188447
0.8412353275883315
0.7822926657264095
0.880430413688304
0.7526540861213032
0.8518517021560945
0.7537616660395358
0.7956643613053521
0.8724304688760096
0.8751894102794053
0.8762747816258628
0.8489270905609093
0.8800274492037906
0.8871666277548935
